N 1
OBSTACLES 9
BONUSES 1
RADIUS 4/5
TIME 10
PREPROCESS_TIME 500
TOTAL_TIME 200
D 100
0 2.5
0 -1
0 -1
0 2.5
O 4 -28.0 -10.0 6.0 -10.0 6.0 -8.82 -28.0 -8.82
O 4 -26.0 -8.82 -26.0 12.0 -28.0 12.0 -28.0 -8.82
O 4 6.0 14.0 6.0 -10.0 8.0 -10.0 8.0 14.0
O 4 -28.0 14.0 -28.0 12.0 6.0 12.0 6.0 14.0
O 4 -16.77 8.77 -16.64 -6.23 -15.39 -6.28 -15.32 8.84
O 4 -10.07 4.09 -10.11 -8.29 -9.11 -8.29 -8.98 4.09
O 4 -4.74 8.76 -4.63 -6.27 -3.63 -6.27 -3.5 8.69
O 4 -14.89 9.35 -5.88 9.2 -5.88 7.81 -15.03 7.83
O 4 -22.85 8.99 -17.49 8.99 -17.35 7.39 -22.99 7.39
B 3 -21.81 -6.88 -19.73 -6.17 -21.02 -4.73 100
