N 2
OBSTACLES 5
BONUSES 13
RADIUS 0.3
TIME 10
PREPROCESS_TIME 60
TOTAL_TIME 90
D 15
18.85984839306675 11.108053800589957
19.47561870947189 11.976814098109688
14.735713086116311 9.93214423133664
16.465165641821585 9.836047472225038
33 19
3 1
3 19
33 1
O 4 0 0 0 20 2 20 2 0
O 4 34 0 34 20 36 20 36 0
O 4 0 -2 0 0 36 0 36 -2
O 4 0 20 0 22 36 22 36 20
O 32 15.403408433307069 5.436230701388439 11.599117988716792 7.1779540374659065 11.109103677549616 14.1494874757832 14.12003334356577 16.986606509060064 20.399404318371406 16.115744841021332 23.745346516625506 11.99061062399575 22.370301777616973 7.957146056237405 17.69514966498796 7.1779540374659065 14.12003334356577 9.01134702281061 13.770048778840877 12.680880407564285 16 14 20.347932301016726 12.364641131308291 19.199564458140905 10.220946423669174 17.060259924811476 10.220946423669174 16.94357058662987 9.092949487913662 19.160668012080368 9.287431718216336 21.10549031510712 10.25984286972971 21.366910238680155 13.012379816720905 19.161864053263727 14.511525978844716 15.77667720481382 15.121898627296572 12.886050354423217 12.819005161379543 13.52418062332874 8.094650530138258 16.87012282158284 6.444596843328026 22.920319673220387 6.673770966496114 25.212060904901275 10.707235534254458 23.378667919556563 15.657396594685155 19.024359579362873 17.582459229297093 12.744988604557237 18.269981598801355 9.942210295733565 15.005209289114967 9.903229477272934 8.736338075008904 10.544917022143583 5.894578947724615 14.899225362337273 4.290360085548
B 3 19.246209660705926 8.637469028335163 18.947550207477647 8.017176317784124 19.86650237125697 8.338809575106884 20
B 3 22.163882780705276 11.049718458255866 21.704406698815614 10.29158292313793 22.692280274878385 10.544294768177242 20
B 3 21.727380502910098 13.507915496365536 21.727380502910098 13.002491806286912 22.393620821650103 13.232229847231741 20
B 3 15.04200351141553 16.058007750853136 14.65144884180932 15.46068884439658 15.501479593305191 15.483662648491064 20
B 3 11.825670938187905 13.117360826759326 11.595932897243072 11.922723013846216 12.422989844644464 12.543015724397254 20
B 3 12.99733494700654 7.718516864555847 12.859492122439642 7.19011937038274 13.663575265746548 7.2590407826661885 20
B 3 9.944091431246402 5.134127126429494 9.503587328465382 4.216410245635711 11.118769038662451 4.3999536217944675 20
B 3 8.549161772439842 9.429042128544395 8 8 9.320043952306625 8.98853802576338 20
B 3 9.026374550452612 15.412556191319856 8.218783695354078 14.311295934367317 9.466878653233632 14.201169908672064 20
B 3 16.676569273432953 19.361166467072998 15.758852392639163 18.81053633859673 17.667703504690245 18.663701637669725 40
B 3 23.705428219153724 16.488575331660993 24.221618117144576 15.846691310263669 24.58870486946209 17.27832964430197 20
B 3 25.985782507521833 12.585988198475006 25.361735028582057 11.81510601860823 26.83008203785212 11.191058539668457 20
B 3 23.232631865140466 5.868300631064519 22.42504101004193 5.134127126429494 24.150348745934256 4.840457724575483 20
