N 2
OBSTACLES 13
BONUSES 4
RADIUS 4/5
TIME 5
PREPROCESS_TIME 20
TOTAL_TIME 50
D 100
6/1 17/1
14/1 17/1
6/1 3/1
14/1 3/1
6/1 3/1
14/1 3/1
6/1 17/1
14/1 17/1
O 4 -3 0 25 0 25 1 -3 1
O 4 25 0 26 0 26 20 25 20
O 4 25 19 25 20 -3 20 -3 19
O 4 -3 19 -3 1 -2 1 -2 19
O 4 9 15 9 13 11 13 11 15
O 4 9 11 9 9 11 9 11 11
O 4 9 7 9 5 11 5 11 7
O 4 4 15 4 13 6 13 6 15
O 4 4 11 4 9 6 9 6 11
O 4 4 7 4 5 6 5 6 7
O 4 14 15 14 13 16 13 16 15
O 4 14 11 14 9 16 9 16 11
O 4 14 7 14 5 16 5 16 7
B 3 15 12 14 13 15 13 50
B 3 7 7 6 8 7 8 50
B 3 8 12 7 12 8 13 50
B 3 15 8 16 8 15 7 50
