N 2
OBSTACLES 9
BONUSES 2
RADIUS 17/1
TIME 5
PREPROCESS_TIME 60
TOTAL_TIME 200
D 10
-49.38670770359552 -44.787015480561934
-48.62975209977231 -8.500212137643153
-43.7748750180625 193.62567281029538
-45 155
-43.73432156981944 202.01354392745358
-129.67244224681025 -25.80356711041287
-45.93507285947866 -176.89407000425297
213.136939693374 -78.12299442246787
O 4 -250 250 -250.02188944623018 230.25656155660656 250.18695883797895 231.11455272004432 250 250
O 4 -250 -230 -250 -250 250 -250 250 -230
O 4 -270 250 -270 -250 -250 -250 -250 250
O 4 270 250 250 250 250 -250 270 -250
O 4 -250.02188944623018 230.25656155660656 -250 0 -66.86266400580416 0 -65.71117041838178 230.5727034417315
O 4 -250 -50.00258372000482 -69.167497053332 -48.85016719624091 -69.167497053332 -230 -250 -230
O 4 -23.01828380284536 230.6459330928731 -23.02 120 250 120 250.18695883797895 231.11455272004432
O 4 -23.02 77 -23.02 -107 80 -107 80 77
O 4 -23.02 -150 -22.690926698278986 -230 250 -230 250 -150
B 3 -176.61564623542245 -16.37223841478025 -202.5029075662989 -32.76750392433518 -174.0269201023348 -40.533682323598036 100
B 3 135.36231601904888 14.623997864706606 112.8137156863644 -19.19890263431984 153.21329128242408 -30.473202800661987 100
