N 2
OBSTACLES 7
BONUSES 4
RADIUS 4/5
TIME 5
PREPROCESS_TIME 5
TOTAL_TIME 20
D 100
-23 6.5
-20 6.5
-25 0
-22 0
-25 0
-22 0
-25 -6.5
-22 -6.5
O 4 -28.0 -10.0 6.0 -10.0 6.0 -8.82 -28.0 -8.82
O 4 -26.0 -8.82 -26.0 12.0 -28.0 12.0 -28.0 -8.82
O 4 6.0 14.0 6.0 -10.0 8.0 -10.0 8.0 14.0
O 4 -28.0 14.0 -28.0 12.0 6.0 12.0 6.0 14.0
O 13 -15.46 3.66 -15.71 2.05 -14.18 1.72 -13.96 2.98 -11.05 3.21 -9.51 2.03 -9.82 -2.2 -13.33 -1.6 -16.0 -0.31 -14.79 -1.83 -9.82 -3.43 -8.23 -3.51 -8.15 5.23
O 6 -5.19 0.65 -0.77 -1.05 -0.89 0.47 -3.25 1.19 -1.17 3.79 -1.39 5.41
O 4 -18.94 7.4 -20.73 -5.74 -19.54 -5.7 -17.47 7.88
B 3 0.29 1.98 -0.19 2.9 -1.18 1.98 100 
B 3 -5.31 -3.14 -5.79 -2.22 -6.78 -3.14 100
B 3 -10.4 -1.26 -10.88 -0.34 -11.87 -1.26 300
B 3 -5.69 1.64 -6.16 2.56 -7.16 1.64 100
